 238  135
 285  148
 310  162
 314  196
 340  221
 344  184
 384  230
 425  232
 508  299
 548  306
 564  333
 576  337
 578  298
 583  290
 602  351
 608  443
 631  383
 637  365
 639  306
 640  311
 642  345
 666  279
 701  430
 751  402
 758  377
 761  382
 801  453
 820  419
 834  409
 879  321
 883  471
 892  516
 907  460
 952  400
 955  491
 962  476
 984  452
 997  529
1019  591
1072  371
1098  567
1118  475
1135  681
1136  665
1144  542
1147  861
1168  649
1210  578
1210  568
1243  793
1244  629
1260  588
1331  509
1335  652
1347  584
1350  751
1353  642
1360  545
1400  713
1414  767
1480  704
1484  787
1488  848
1517  772
1554  701
1579  624
1586  671
1616  703
1631  900
1649  817
1656  702
1658  885
1676  933
1708  834
1727  826
1742  838
1742  765
1755  796
1768  711
1794  827
1833  825
1841  774
1848  941
1859  788
1927  889
1939  861
1943  790
1949  872
1974  820
1982  979
2031  801
2045  924
2048  792
2078  868
2120  852
2124  958
2130  858
2164  961
2169  912
2179  833
2185  963
2185  860
2197 1217
2200  917
2222  935
2240  807
2250 1090
2284  994
2317  919
2335  964
2351 1011
2438 1021
2441 1092
2454 1108
2457 1009
2477  847
2532 1135
2539 1026
2544 1117
2568 1102
2585  995
2585  930
2619  965
2640  989
2653 1042
2684  986
2711 1046
2725 1229
2783 1262
2821 1279
2824 1165
2831 1279
2832 1058
2850 1121
2946 1069
2958 1214
2970 1078
2992 1054
3016 1216
3089 1326
3101 1255
3106 1073
3144 1134
3156 1206
3229 1271
3257 1417
3303 1268
3307 1070
3357 1244
3691 1493
